51
25
59
36
51
51
43
0
0
36
27
68
0
35
17
28
8
28
28
0
0
16
15
27
9
8
61
39
36
31
77
0
36
28
9
62
51
48
51
57
10
10
0
36
61
70
0
36
9
37
9
18
10
0
0
27
15
28
45
10
51
38
43
66
0
10
43
10
54
77
0
9
18
44
0
66
0
66
37
23
56
45
28
0
37
29
77
33
24
8
15
31
37
57
33
10
45
31
50
38
39
55
16
37
26
37
30
13
9
45
66
54
77
0
48
10
45
10
25
69
28
38
77
37
0
9
51
55
9
0
38
0
69
68
66
62
44
37
18
21
38
13
29
20
15
23
16
48
28
27
40
0
24
44
66
57
38
62
28
51
29
45
62
45
33
35
25
25
0
23
18
56
74
37
37
10
15
0
61
61
45
24
62
46
10
55
33
51
30
62
45
21
16
26
54
57
27
35
44
28
28
27
59
77
10
77
25
54
35
20
10
59
13
31
0
21
17
0
28
15
77
10
62
26
9
54
57
66
57
48
74
24
28
61
20
39
0
10
54
37
28
24
45
40
37
41
44
68
51
23
57
0
9
56
35
29
0
36
45
44
45
35
43
10
10
9
0
37
13
18
26
35
43
40
37
18
0
0
40
33
50
37
29
16
30
10
10
24
37
9
26
10
0
10
43
74
0
10
74
21
9
18
39
51
40
25
45
18
77
34
50
8
23
41
35
51
38
35
10
37
15
45
28
9
0
0
44
66
45
10
51
23
37
0
30
17
0
13
26
34
27
33
45
26
0
54
0
44
24
35
24
35
43
0
9
9
51
0
45
45
35
77
10
10
67
45
56
28
39
24
8
37
57
62
24
28
56
30
61
43
54
37
69
18
45
74
0
39
13
37
62
62
54
51
23
38
0
57
9
37
10
69
66
39
48
62
37
70
46
18
41
17
37
57
17
45
18
23
37
45
13
38
62
0
77
28
62
9
54
9
0
46
0
10
20
56
0
0
34
33
35
0
40
25
44
34
9
77
18
0
74
57
0
25
23
0
55
24
54
10
34
29
51
15
20
57
43
61
38
38
0
62
0
0
45
44
0
50
0
27
37
20
43
26
16
33
55
74
8
0
13
62
77
77
70
37
9
50
0
0
